0.606416319650048 0.0557116455633942
0.000974419713621434 0.601233671591122
-0.2196385444188 -0.546983034179639
-0.0383150233239512 0.0228798418850653
1.46309805030625 -0.910412373588876
-0.37463088086868 0.981139348571245
-0.242960167402264 -0.44192465804639
-0.0599163462794136 -0.132924184853315
-2.3801132290803 -1.76281612611866
2.21662752907708 -0.915862714296792
2.68263484683526 0.394942299373328
-0.999799790905779 1.37109656371408
1.83024910868188 1.00609261642172
1.22475146144914 -0.0738385999070871
-0.83562465709704 -0.367678196597839
0.654274372647435 1.25157346874546
1.44949199206038 -0.0290059147896619
-0.836591150253868 -0.0360411798537356
-1.39934533340692 -0.525969009060744
-1.60668965766725 0.634035251823166
-0.693686810839918 0.954190485588147
-0.153672805347992 1.92660475739497
1.44246902191243 2.49191439627029
0.43541285464839 -0.876497924349938
-0.0379938544092392 1.41684531462727
-1.25151090421342 0.988098748458113
-1.24801069458114 -0.368156455957681
0.0358384267359148 -0.294707705448543
-0.319098040748737 0.393897575182152
1.36014114862277 0.534174653724373
1.29033644940362 0.358213136172867
-0.97482151295284 0.937369671291893
1.03193142821967 -0.880265829314065
1.45217508731488 1.16709484066309
-0.0193830754834477 1.19057693990842
0.670106223071458 -0.854592871704594
-1.11104419324833 -0.354158224913802
0.245908897745573 -0.563363183987019
-0.455723743477675 -0.314014145527003
0.00727952273206607 1.45274352223084
0.241926946321027 1.34658374714866
0.217733366664489 -2.50517187071208
-0.824445038849368 0.486759210880873
0.071130005248861 -1.28197710410239
-0.0306893057183068 -0.755253004467537
0.631130413493023 -1.06483703696424
0.440248044076278 -0.232010666041705
0.742905464573258 0.542982362182297
-1.23078545071664 1.13410728275077
0.795384503351072 -0.287808376541691
1.1929069880626 -0.596472946778053
-0.397850550220281 0.40215561425349
-0.856093767808991 0.310815951806797
1.31785341924433 0.309458401176662
-0.377205419999571 -1.82063504586973
-1.76752530928348 -0.569950028690196
-0.815345486600183 -0.125895409184868
-0.0977016985569248 1.6599505665202
-2.5166338754968 -1.10788025915437
0.675109924423744 1.70587831949903
-0.575071236550159 0.325504676224906
0.870006592292003 -1.34367579727322
-1.3418760365725 -0.0136863473909181
2.81207718405611 -0.386600562802883
-1.33285431966684 0.987764377919645
1.56530135060735 -0.267568051446599
-0.644153335114412 0.792885799889642
1.43184640922156 -1.46784200818532
1.16839791772725 -1.57249419448823
-0.514095723835088 -1.29117625899338
-0.361088510125827 0.546481056389277
0.0651566784338612 0.287892700699895
0.880076012523628 1.39442619474269
-1.27940879827714 1.81045975439652
-0.645803671218007 0.529072167081924
1.07135780777734 0.810160822076004
-1.3722640396628 -0.827892866971321
-0.0218594324636044 0.683979535059417
0.276853335417063 0.166588296286337
-0.594325831702837 -0.798319773292606
-0.344908225031342 2.38729303359264
-1.17956904194068 1.43178608105558
1.19651235305879 0.106960855843084
-0.627377011469992 -0.899290850401309
0.562206349479745 -0.469603553265291
0.258413974262258 -0.274742092142035
0.124153737603 -0.492382595371508
-0.432935273495396 -1.68072480305106
0.569074018978012 1.30096203227745
-0.1868770279259 0.846430829966574
-0.708727587203521 -0.310881265155714
-0.486897905690841 -0.647858466299371
0.183393026695265 0.757606054035097
-0.656304345816402 -0.152949348056914
-0.0265262303626396 2.03959481231999
0.981956927182412 0.8640937370836
0.896789502933074 0.186882964571571
-1.87461484544274 0.161467024249597
-0.133985957508385 0.858760961569122
1.57937496229378 -0.950808911137724
